c 1
i 1 10 1 5 10 3 7 8 12 14 2 11 
p 1
c 2
i 2 6 12 0 9 7 5 1 
p 2
c 3
i 3 5 14 11 12 10 5 
p 3
c 4
i 4 7 7 0 9 5 13 4 11 
p 4
c 5
i 5 7 12 10 0 7 5 1 14 
p 5
c 6
i 6 8 8 2 10 11 3 7 13 1 
p 6
n 7 2 1
p 7
u 7 2 6
p 7
u 7 1 6
p 7
u 7 5 6
p 7
n 7 2 3
p 7
n 7 6 5
p 7
u 7 3 3
p 7
n 7 1 6
p 7
m 7 5 6
p 7
u 7 4 2
p 7
n 7 4 4
p 7
m 7 5 4
p 7
m 7 3 6
p 7
u 7 6 5
p 7
u 7 2 1
p 7
m 7 4 1
p 7
m 7 4 4
p 7
n 7 1 1
p 7
n 7 3 2
p 7
u 7 2 4
p 7
r 1 2 6 0
p 1
r 2 1 12
p 2
r 3 2 5 14
p 3
r 4 5 10 11 3 13 1
p 4
r 5 2 8 7
p 5
r 6 3 2 4 9
p 6
t
