c 1
i 1 16 14 16 25 1 8 29 9 6 17 21 7 2 27 3 15 11 
p 1
c 2
i 2 5 4 16 10 24 5 
p 2
c 3
i 3 14 0 27 18 14 2 8 23 29 17 5 4 24 6 16 
p 3
c 4
i 4 14 28 10 21 26 14 7 20 8 4 0 17 24 18 23 
p 4
c 5
i 5 20 12 17 25 3 2 0 10 9 16 26 23 18 20 1 13 14 8 22 6 24 
p 5
c 6
i 6 18 10 2 27 5 9 22 26 17 19 21 20 11 6 12 15 25 3 18 
p 6
c 7
i 7 12 8 22 12 3 10 17 1 19 16 4 15 0 
p 7
c 8
i 8 12 17 16 25 0 1 24 9 10 27 6 22 14 
p 8
c 9
i 9 13 2 24 18 12 14 26 9 19 10 6 17 15 22 
p 9
c 10
i 10 16 1 2 24 5 9 21 19 6 3 15 28 18 14 0 7 20 
p 10
u 11 3 2
p 11
m 11 8 10
p 11
m 11 4 5
p 11
u 11 9 9
p 11
u 11 8 1
p 11
m 11 3 1
p 11
n 11 2 2
p 11
m 11 2 7
p 11
u 11 2 7
p 11
n 11 9 8
p 11
m 11 3 9
p 11
m 11 1 3
p 11
n 11 10 10
p 11
n 11 4 1
p 11
m 11 1 4
p 11
m 11 4 9
p 11
n 11 4 4
p 11
n 11 6 8
p 11
u 11 2 1
p 11
u 11 8 4
p 11
m 11 4 6
p 11
u 11 5 9
p 11
m 11 6 4
p 11
n 11 9 5
p 11
n 11 4 2
p 11
u 11 5 1
p 11
n 11 6 1
p 11
m 11 3 5
p 11
u 11 1 4
p 11
n 11 6 7
p 11
n 11 3 4
p 11
m 11 5 9
p 11
n 11 7 8
p 11
m 11 1 8
p 11
u 11 9 8
p 11
m 11 3 9
p 11
u 11 6 8
p 11
n 11 4 9
p 11
u 11 2 5
p 11
u 11 5 5
p 11
u 11 8 6
p 11
n 11 2 2
p 11
m 11 9 2
p 11
n 11 7 7
p 11
m 11 6 4
p 11
u 11 8 10
p 11
m 11 1 9
p 11
u 11 2 7
p 11
m 11 9 1
p 11
u 11 4 7
p 11
r 1 2 19 12
p 1
r 2 1 1
p 2
r 3 3 5 8 25
p 3
r 4 5 24 6 28 7 4
p 4
r 5 1 11
p 5
r 6 1 0
p 6
r 7 3 21 14 20
p 7
r 8 3 2 18 22
p 8
r 9 5 3 27 10 26 23
p 9
r 10 6 9 15 17 13 16 29
p 10
t
