17
2.906638 
9.750776 4.943567 
5.093908 7.875812 8.653232 
4.463280 8.901642 8.749516 7.222237 
9.840178 5.523522 0.120195 9.320470 6.516175 
4.711787 2.792031 0.004451 0.133645 3.140930 5.865811 
2.982665 6.663325 1.599860 3.180938 9.902017 0.584253 6.475182 
7.860327 6.198255 9.730465 5.799316 0.372606 0.258093 5.902125 2.515709 
8.193185 2.097027 9.382681 0.269351 6.518985 0.584734 0.596907 8.807685 3.855568 
5.833736 9.915982 6.108528 0.436818 4.794840 5.765644 8.106879 4.808922 1.815339 9.900793 
2.755221 4.256058 4.523015 8.399871 4.310198 9.336640 8.841470 2.776987 9.541210 5.316619 9.552748 
5.646598 5.041092 1.863533 6.647124 9.941121 7.184105 3.742301 0.050142 6.037820 7.397609 6.504275 5.627082 
2.189078 2.495067 2.504342 0.587960 1.707442 8.606461 4.485482 4.335302 8.655931 1.623781 5.226527 5.540402 0.034264 
6.638806 0.177092 6.819801 0.434180 2.871867 0.362683 2.089463 9.088878 6.641101 9.949509 9.000963 4.495809 1.003671 6.298667 
3.986682 3.482086 5.871470 5.891377 8.025347 2.006140 0.264079 4.357040 8.438948 6.049466 9.020278 6.056451 7.604415 3.645984 5.274595 
7.152160 0.277582 2.886766 8.293423 0.840324 7.103699 9.215984 9.215286 3.721320 0.018941 3.734284 0.769761 0.060459 6.342995 6.982262 6.651094 
4.878867 7.768667 5.077728 8.543775 5.380860 1.764516 5.015252 2.169867 9.634037 3.507358 6.228027 8.159055 0.651295 3.994929 8.119640 3.767979 8.574700 
